47778
301010
-246285
442936
376555
66461
-453477
-63567
853073
185036
977569
920158
1796312
1133881
486793
121383
-391683
1286325
3617
-77591
1280159
603279
615432
494593
502917
2168566
1387340
957339
899151
1165487
858317
911788
1211679
1205784
851236
1070014
1167137
1080412
787551
-188063
502291
1475957
1065132
530704
207580
692584
158612
1772175
718268
957638
-256598
-169943
1232158
1230553
1314309
1385984
365044
855477
904540
2116908
1166737
1048666
641774
95017
349185
515377
981626
897278
809148
161764
523118
154990
1750743
509117
566308
1350985
-76547
336132
821406
420551
338765
1476665
-151914
483026
645531
837585
1737621
1065509
1128656
689348
932610
617682
1094769
300688
684683
1186690
740303
-127020
1079006
1891497
850331
536565
663385
1190757
440303
-258019
191205
1229675
398873
1095437
-70725
-650579
2162237
341712
652849
15458
1202736
275839
798876
776099
844554
43954
-81458
414267
371764
1326485
192449
1492236
407026
-4807
1099223
945933
186597
617871
956948
540810
284746
346101
324319
1118426
830752
794393
233737
328453
978518
1266951
884952
654892
-230446
512275
517728
1199066
332474
1524888
457061
643871
189696
460929
1300254
1745119
1175208
579062
365440
385416
1418825
329544
1736679
1238138
1258078
659250
274278
-560479
225322
1447051
666325
156548
818596
1576860
1256006
105572
633959
1587392
1177442
687531
583745
1000270
494532
892394
762162
1523238
913086
87541
1448232
1052555
266083
309116
-74143
631909
1443414
377397
1176538
940823
960684
-395179
-510135
573648
907460
113810
492960
-356093
878643
478014
521247
317457
1365642
297802
1310368
310183
283582
717423
-60813
1542808
302611
1254939
261459
-179321
533130
1270502
112573
1527071
535357
896210
797795
795318
1329519
-24375
763131
806137
1259455
1384579
209220
-20194
203097
-236417
774998
1296892
1607727
461258
935220
276187
440717
454255
1711385
1369225
251461
2301086
826878
545359
181155
333453
1173737
216988
238631
-59383
1331946
939153
1574164
1270035
1114556
870918
267667
241565
1983760
494805
2098647
865707
713050
608587
262601
976641
1072760
117575
840303
502008
33316
-300425
836941
1555780
1032921
483214
-11995
926455
736425
301022
1108056
879625
340709
1298954
871568
1668705
778392
286340
959228
1405493
166840
709593
915442
843198
956468
769879
-210400
1415428
1297819
-15249
1435878
1107151
783548
737688
492746
1524783
301469
796891
890258
1050778
949647
504408
803008
1702437
971772
335512
-94114
863784
779174
372366
724111
173509
669731
1329136
803687
745265
1030413
-188452
1793902
581535
1251428
1086746
809172
461318
1651597
877575
2375274
1043521
364230
902268
52517
761142
1078580
1369507
-307036
204299
1488629
-191031
1382926
780606
1032380
571500
1042072
1003866
835001
300931
1132521
585065
1239569
78725
615182
1184220
248857
48560
484465
465853
2041516
746855
986970
969781
157545
247600
217598
1369720
1151565
766970
245847
805149
866096
1770923
60927
1007819
493791
518305
1304646
1571829
958807
-157220
615418
945231
518988
490361
-56048
912452
960436
1052659
1335107
1301188
719957
594285
537524
458791
759686
743340
322229
468381
-397955
899740
1587560
1099119
677271
808896
539070
76003
705643
690281
-15002
1054073
995630
1029988
886836
1105802
1166631
653546
1224709
986910
367413
379984
1438389
886836
1163591
866595
935250
152507
-314325
754896
715204
-248080
1474636
1576479
1590575
-3023
521153
799398
1137792
879429
558891
250032
539755
1189650
412789
208508
786161
1337785
493707
591367
-477651
1365533
846842
683188
493252
1468753
-829
221339
772465
-909258
647583
854637
281912
1007520
763247
280500
458306
503969
845927
1145693
741162
-362967
688330
1195458
550796
1006498
95574
271177
-178664
260895
589319
190001
1732499
492821
787880
935754
367969
889532
635328
966012
1191489
660073
580804
1531457
1148219
1306560
920452
881804
670136
1084747
156495
959681
289577
497314
1307253
799792
1442840
138913
1071142
-472312
1286366
1288620
1032114
972059
1275950
889741
1126974
788994
725958
434057
584333
427014
552340
620855
315548
-30996
1631642
867907
538892
1010316
1335931
-344895
293526
-353921
-467348
966755
103491
926966
878746
817190
754670
506411
777356
564799
1445391
656616
-228560
1219618
945346
-89876
807331
1014590
1294145
607298
633059
430507
1615569
1225675
-300910
605224
766649
1320193
1134422
926312
1552744
1237534
621080
277591
1005200
1008101
549911
281149
492376
-105037
1551934
173829
771025
980044
48468
1684288
498288
379150
427713
350965
419535
1665478
414930
440199
541976
1345492
-16343
435389
188215
1767458
805939
848704
1307429
1601068
1257955
1108885
455788
492248
-425056
1027795
764473
211418
70172
63587
-272611
528282
1383704
771538
154115
1026978
726391
-39881
1103851
1065742
804521
23552
325199
283177
503953
683144
-566608
801253
868927
1629418
910080
611805
949676
986035
349689
326146
614759
290037
447963
479731
506736
1518898
1751312
1129693
1204903
903090
1370881
1636891
415625
231094
754474
862329
363124
-195396
1143833
920881
396936
635346
541102
723866
580291
973338
313400
358416
667581
499570
1067599
555397
790301
813542
199746
-20761
645649
509138
1158245
1071874
692456
1279062
1112844
215465
1937645
556511
670187
465981
351461
248140
891878
788136
415384
237233
352018
1252977
639616
129428
25378
734678
1658240
501721
966930
282304
679475
221734
582395
423107
1111056
242091
1664056
132674
1493607
-246842
455040
605612
336459
893707
1012038
892511
1906747
-96051
981443
813944
914364
880869
709832
703563
491673
240679
395849
883582
742553
379334
1189253
684308
-247345
1726815
348193
818378
930721
413573
-196912
367153
1350367
1272748
1031657
1286917
361022
897196
771095
1157699
846369
153966
1195880
733454
380646
-78752
1203865
1025250
257094
161422
1864047
1663397
1816781
1354845
1573145
563341
-742312
1978922
-53733
567847
1324218
268595
318819
594922
1758147
984297
855608
606023
103334
1303472
366929
-404936
544705
642094
-9338
588036
1025071
829734
208487
498865
622561
768381
-333868
1476597
1226498
273316
1950447
1201061
1163726
1179118
1128515
2221620
128492
739469
956375
397623
1163744
452396
391307
158856
936823
624768
1343817
237099
574406
927386
1123549
1172772
709520
502629
871473
1454382
741457
1050947
1195068
486160
1214581
715600
1234348
726103
916084
488968
1741244
423308
1220357
-292038
-103185
60290
674124
1020230
1263874
1230840
1039244
222539
-26045
24455
1538844
1111363
478497
437122
350136
374181
1349535
679203
580043
563644
1191916
946857
443332
-44547
316447
-181422
1273899
1887261
351804
979475
1050450
-27230
11976
1062078
623897
908110
748996
187964
-397992
759472
507583
181460
274461
439955
981947
1769445
885566
-83811
369377
929154
553220
1095495
898497
148563
719077
1755412
1020210
107730
363250
1342583
443268
178127
752028
750191
1302212
661506
-327924
978598
891948
549166
1344196
-201353
686425
60562
1769965
251285
537682
360478
319364
392941
-116166
879526
1298340
801397
1711589
-434775
1718050
1070885
898974
639199
557956
859753
738587
532680
214995
763445
612689
93142
790803
137352
-110071
1102459
561450
1080573
867296
775507
1232253
336100
112737
438469
-171539
-30263
322270
815917
913776
1639787
969765
574397
1011752
66322
228707
709548
590574
793349
187380
1443694
1172375
413926
1185645
755939
1725359
434404
1008683
677831
702438
158525
1203705
1216740
870068
663463
635172
1163371
403258
969392
1066726
198588
454405
1063701
